AL15SEB060NY
369,650,150,613
EH0146FCBVB
455,620,120,613
EH0146FARUB
609,735,150,570
EH0072FARWC
750,857,495,880
ST9500620NS
340,467,199,470
EH0300FBQDD
517,850,116,449
EG0300FBDBR
809,1015,142,882
EH0146FARWD
801,1036,128,800
AL14SEB060NY
424,580,166,515
ST2000NX0463
351,530,176,427
ST2400MM0159
393,542,217,513
AL15SEB060N
743,900,148,586
HUC101860CSS204
322,442,225,495
ST600MM0009
630,855,160,600
MM1000JFJTH
440,810,150,510
HUC101812CSS205
870,1050,120,860
ST600MM0069
350,500,140,440
ST600MM0238
315,440,185,450
AL14SEB060N
700,840,180,500
AL15SEB24EQY
340,465,150,440
MZ-ILT7T60
180,320,120,480
SSDSC2KG019T7R
32,540,615,790
MZ-7KM1T9B
200,720,65,580
SSDSC2KB480G7L
34,300,457,518
PX05SRB384
430,560,130,470
DF0146B805
570,590,180,400
ST8000NM0075
560,620,175,400
HUH721212AL4200
575,660,225,440
ST12000NM006J
640,730,75,280
ST14000NM0048
630,860,50,400
ST3160815AS
360,565,150,415